0007327684
0060097957
0060254920
0060471484
0060510862
0060515228
0060539828
0060557818
0060572000
0060593083
0060595183
0060733357
0060741260
0060750863
0060764899
0060838590
0060839783
0060919655
0060931809
0060932147
0061052817
0061053562
006145205X
0061474096
0061562769
0061702587
0061977969
0062110837
0062112392
0062190415
006220470X
0062266683
0071354999
0071401946
0072121246
0073229725
0099683016
0120653109
0130676349
0131865455
0140204423
0140216731
0140268863
0140278915
0140280553
014028852X
0141032421
0141311371
0141311401
0142403881
0142404128
0143036556
0143036580
0143039563
0143039954
0143058096
0143113623
0143114875
0143114964
0151628351
0155726803
0156012197
0156027607
0156030306
0156031221
0156106809
0156154552
0156226006
0156260557
0156318806
0156340402
0156659751
0156838001
0156924005
0156927942
0195033817
0195035437
0195139224
0195181999
0195301684
0199536384
0199678111
0201030861
0201076160
0201745755
0224008080
0226010759
022605750X
0226817423
0230738605
0230768806
0253208874
0262523027
0262681080
0292776241
0300119712
0300124872
0306414376
0306456052
0307237702
0307265722
0307269930
0307353133
0307378799
0307379205
0307389936
030788743X
0307907066
0309091217
0312000863
0312156839
0312347294
0312420331
0312423136
0312875622
0316010669
0316017922
0316769177
0321159640
0321344758
0321356683
0330272802
0330319094
0340839937
0345328035
0345347951
0345404475
0345409469
0345457692
0345457714
0345459407
0345479718
034549637X
0345496531
0345514726
0345514734
0345539788
0345539826
0374166854
0374214913
0374234612
0374249393
0374281130
0374520968
0374711844
0375421513
0375423729
0375705228
0375706860
037571457X
0375714669
0375714677
0375714839
0375719296
0375727019
0375727205
0375756787
0375831002
0375869026
0380013525
0380788624
0380789035
0380815931
0380816032
0385001274
038533348X
0385333781
0385333846
0385334206
0385353308
038549081X
0385512074
0385533853
0387251464
0387488642
0387849246
0387952845
0387989927
0393048470
0393064476
0393239357
0393311937
0393312836
0393317552
0393331938
0393333477
0394178769
0394700139
0394721047
0394741447
0395585724
0399156828
0399158448
0415154294
0416121225
0425158640
0425190447
0425198685
0425221415
043402080X
0435233076
0439064864
0439139597
0439358078
043965548X
0439709105
0439785960
0440418321
0440509017
0440800544
0441003702
0441009425
0441011799
0441011837
0441013678
0441014984
0441016790
0441018181
0441019765
0451457994
0451521234
0451526961
0451527143
0451527151
0452269539
0452284244
0452284392
0465000924
0465007805
0465024777
0465026567
0465031315
0470044721
0470136367
0471888893
0486240215
0486240428
0486275485
0486406571
0486437892
0486445194
0500200041
0517003937
051708239X
0521315743
0521585198
0521629713
0521857007
0525249249
0525951113
0525951571
0525952616
0525953183
0525954899
0534633625
0545010225
0547225490
0552664936
0553121731
0553210092
0553210793
0553212478
0553213032
0553278223
0553281747
0553283685
0553288202
055329461X
0553296981
0553371304
0553380648
0553381695
0553383434
0553383531
0553383663
0553560735
055357342X
0553576410
055358202X
0553588486
0553589288
0553803719
0553805401
0575084812
0590353403
0596000278
0596000804
0596003072
0596007590
0613361628
0618477942
0618658254
0670020559
0670021210
0670022152
0670022756
0670022950
0670025291
0670886580
0671201565
0671712950
0671722875
0674581555
0674782046
0674810406
0679640517
0679722319
0679723161
0679732179
0679732764
0679736646
0679736662
0679740678
0679743480
0679743537
0679745580
0679747044
0679755446
0679768114
0679775439
067977548X
0684801582
0684809095
0684832674
0684833395
0684853949
0684862212
0691000646
0691023522
0710084005
0711490023
0716703610
0716711923
0716718499
0738206504
0743203011
0743257359
0743273567
0743452941
0743477103
0743477111
0743477553
0743482751
074348486X
0743485041
0743550455
0746006179
0746009518
0756400309
0756657644
0765312670
0765312824
0765319640
0765319853
076534825X
0765356155
076790818X
0771042949
0785114939
0785812466
0786161787
0786172908
0786891076
0789736977
0801847575
0801883822
0802120202
0802130348
0802130623
0802135870
0802140181
0802150241
0803711727
0804137250
0804139024
0805078533
0805095519
0807204722
0808163132
0810981130
0812513495
0812515285
0812536355
0812536363
0812969766
0812976711
0812992784
0815323050
0815603851
0838577016
0839823282
0843959118
0849369827
0857662937
0874773172
0875845851
0877013551
0878933212
0878934391
0880013273
0881032476
0881411175
0882759590
0886779065
0886821088
0892814063
0894712330
0915238160
0918172101
0921451083
0930289234
0941051218
0961392118
0961392126
0961392142
0961423498
0964629100
0966001982
0970029705
0984633456
0984755705
0985334207
1400031249
1400032954
1400063736
1400067820
140007780X
1400082773
1400096901
1401202179
1401202942
1401206123
1401206263
1401207928
1401209882
1401209971
1401210627
1401213227
1401214983
1401223451
1401300529
140990329X
1416562591
141657106X
1417626232
1421519194
1421519208
1421519216
1421521393
1421521407
1421527219
1421532670
142153343X
1421533642
1421533650
1421535149
1421537931
142153794X
1421538245
1421542234
1428830545
1428839356
1429206799
1441759972
147670869X
1476785651
1501135392
1557662754
1558609067
1559342307
1563050315
1563894459
1563894815
1563895684
1563896273
1563896486
1563897229
1563897962
1563898942
1563899531
1563899809
1563899884
1564781879
1565926277
1565926641
1566634423
1568581912
1568989369
1578633648
1579128149
1580082459
1586211129
1591020751
1591026954
1591399122
1591840880
1591843715
1593072287
1594200823
1594201315
1594201501
1594201927
1594202532
1594202834
1594203229
159420411X
159420523X
1594480001
1594482845
1594487715
1594488207
1594489254
1594650640
1595328343
1596590939
1596914521
1597801585
1606999052
1608860272
1608865002
1608866181
1632150069
1632151944
1632154269
1632154692
1632156768
1781168601
1840233036
1841499889
1847195202
1847672442
1853676942
1855858495
1857152174
1857983416
1861003668
1861004176
1892295490
1903468132
1904811590
1904811825
1934356409
1939293006
3125738040
3527313974
3540259953
3540716807
3770467574
3770473795
3867197571
3867197997
4063612821
4091815561
4770029942
4805311290
4889961151
4889962085
4893583123
843780146X
8788860884
8799298805
888095847X